Company,Adani Enterprises,Adani Green Energy,Adani Ports,Apollo Hospitals,Asian Paints,Axis Bank,Bajaj Auto,Bajaj Finance,Bajaj Finserv,Bharat Petroleum,Bharti Airtel,Britannia Industries,Cipla,Coal India,Divi's Laboratories,Dr. Reddy's Laboratories,Eicher Motors,Grasim Industries,HCL Technologies,HDFC Bank,HDFC Life Insurance,Hero MotoCorp,Hindalco Industries,Hindustan Unilever,ICICI Bank,ITC,IndusInd Bank,Infosys,JSW Steel,Kotak Mahindra Bank,Larsen & Toubro,Mahindra & Mahindra,Maruti Suzuki,NTPC,Nestle India,Oil & Natural Gas Corporation,Power Grid Corporation,Reliance Industries,SBI Life Insurance,Shree Cement,State Bank of India,Sun Pharmaceutical,Tata Consultancy Services,Tata Motors,Tata Steel,Tech Mahindra,Titan Company,UPL,UltraTech Cement,Wipro
Adani Enterprises,0.00155799199046988,0.000762207476470768,0.0008570142597933369,7.069079722247895e-05,9.561605214785738e-05,0.00010264025150174419,8.415728627706073e-05,0.00015610151137073223,0.00015845900666208298,0.00022650486609969206,8.48538151325103e-05,1.3627867577797714e-05,2.6832241179841177e-05,0.0002182271532659691,8.002110985408374e-05,3.509455674022331e-05,0.00013833130959746195,0.00012113107574401732,6.805357725058606e-05,0.00010753172907252015,0.00018203372330278823,9.763188815429084e-05,0.0001280106888097936,-5.501188779383419e-06,0.00010168866946102013,1.1458744826432338e-05,0.0001728740487701969,5.428801286124393e-05,0.00015909691529811097,8.004131307242583e-05,0.0001430320801704411,0.0001623415603629176,0.00010378431270847616,0.0002156338310487996,3.5259547694366336e-05,0.0002015475468724251,0.0001485744661959563,0.00016845108008366506,0.00015204542034308663,9.01320568479564e-05,0.0002630901438897863,6.0637224658259514e-05,5.739405884424009e-05,0.000136100185821965,0.00014659683867463745,7.857465095394881e-05,9.637091168066785e-05,0.0001900107707414531,0.00011957635176120577,8.562734897997114e-05
Adani Green Energy,0.000762207476470768,0.001405734175497558,0.0005184816741305761,1.3612407419261298e-05,5.6417169588629413e-05,7.193812281303374e-05,6.392982715832358e-05,5.0976235240235956e-05,5.917913432265699e-05,0.00021308557367141445,9.992907474218523e-05,1.248005030406171e-05,3.853408658262296e-05,0.0001668034711228948,6.699904565227263e-05,1.0172123501094361e-05,8.883780002125842e-05,9.100598483307189e-05,1.659888877027998e-05,7.558123751427376e-05,5.0735614807203806e-05,8.47524472501228e-05,0.00013320917603223303,-1.192945795714492e-05,9.212595897862575e-05,1.6825511404734616e-05,0.00011981265695050216,1.0193898686923251e-05,0.00012863965417597093,7.507436401250893e-05,0.00015150032348929654,9.277227580465404e-05,6.647510400657148e-05,0.00016849923369149458,2.5561735930512762e-05,0.00020076747929661986,0.00014820888075277251,0.00010720427263779516,6.365350123015277e-05,9.032471376699791e-05,0.000170114237209132,5.597277048946908e-05,1.2942731925084965e-05,0.00011434451098477655,0.00014379521232616132,4.881220763079391e-05,3.866553862457373e-05,9.831224779959844e-05,8.997101993891805e-05,4.921047650256812e-05
Adani Ports,0.0008570142597933369,0.0005184816741305761,0.0007640497126362233,6.594935650067784e-05,7.137976763808492e-05,0.00011897902363590973,5.938298231493362e-05,0.00013842944495133898,0.0001421467012855653,0.00021366275467312696,8.842563844326574e-05,2.5330785556485837e-05,2.711122724930403e-05,0.00020346947388537578,2.9452893626963953e-05,2.949682152200187e-05,8.688746802483026e-05,0.00011722431418679056,5.812756378124771e-05,0.00010365872627713365,0.00012749831464453501,9.042892757660191e-05,0.00012703547992271155,1.2296823002901703e-05,0.00010462650217691638,3.4691431162099795e-05,0.0001738607956738327,4.907730582344397e-05,0.00013598237741362473,8.28318442117105e-05,0.00015109976207514566,0.00013698554205174792,8.711730683764152e-05,0.0002175719810004427,2.442873484928934e-05,0.00020548503397704038,0.00018129543460937555,0.00014282107591317552,0.00013049611240327388,8.678331534001923e-05,0.0002409827286816282,6.33743077587701e-05,4.2207361663747464e-05,0.00011360617620935136,0.00014575139691097374,5.8326053817484774e-05,0.00010126643215230271,0.0001427480546319955,0.0001193007302591415,8.206422276203204e-05
Apollo Hospitals,7.069079722247895e-05,1.3612407419261298e-05,6.594935650067784e-05,0.00018749785326952417,3.964187739005938e-05,2.821484330035014e-05,4.2282138384421495e-05,4.4720960890412626e-05,4.223777725402252e-05,4.327606299878689e-05,3.343318250519961e-05,3.4003333380624166e-05,4.6991803197200716e-05,4.725733478323752e-05,5.832853411496467e-05,3.619223452848606e-05,4.63585262123463e-05,4.700444513004397e-05,3.807137400203183e-05,1.5852247010722325e-05,2.55788068334832e-05,4.2441981540534576e-05,2.6204041966219303e-05,2.0054583382789194e-05,1.9049497912810893e-05,2.4427215123748396e-05,2.427617855314776e-05,1.9839397997354245e-05,5.1459844470567316e-05,2.7857245646724934e-05,3.855576317618558e-05,5.339463170787024e-05,2.535918613938826e-05,4.010575907216181e-05,3.698103902185964e-05,3.897761105056765e-05,4.833389309476417e-05,4.0149277602556175e-05,2.9595130627616553e-05,2.90975720575161e-05,3.890857927538606e-05,4.2559352535027575e-05,1.863093429326746e-05,4.6355282959814046e-05,4.9016922798387894e-05,4.364787008173154e-05,4.0100885513229575e-05,6.128982202585418e-05,4.334294871286859e-05,4.252059284122143e-05
Asian Paints,9.561605214785738e-05,5.6417169588629413e-05,7.137976763808492e-05,3.964187739005938e-05,0.0001430062242809834,1.716754000216525e-05,2.306498709616022e-05,5.470965234872543e-05,4.3928086181048765e-05,4.249379683227491e-05,1.760296224691405e-05,5.720795121933087e-05,1.803209405045161e-05,3.1250877300188835e-05,4.355791943651111e-05,8.791656925114344e-06,3.7155832299786754e-05,4.566404987808813e-05,1.8586856056469182e-05,3.0696099131334874e-05,3.3213399394829657e-05,2.748918474585226e-05,2.0232587901746198e-05,4.170216142664422e-05,2.1338950058392896e-05,2.8053449710596545e-05,4.225612587612964e-05,2.1815939472778486e-05,3.551510651577645e-05,2.8804753465768395e-05,2.8817154580386162e-05,2.2917796733760368e-05,3.080070818994595e-05,3.84308223637737e-05,3.966671906635777e-05,2.1782739406892728e-05,2.176852568158821e-05,3.763225892320777e-05,3.0943057861490554e-05,2.4705143861566402e-05,2.0199629265314726e-05,2.1021953027862096e-05,2.6512196007655127e-05,1.526717989808385e-05,3.141610553846088e-05,2.885883544916119e-05,4.407524244082302e-05,6.025948173750654e-05,3.401899264837105e-05,2.4249244461075072e-05
Axis Bank,0.00010264025150174419,7.193812281303374e-05,0.00011897902363590973,2.821484330035014e-05,1.716754000216525e-05,0.00019038900369258095,4.1356184651288693e-05,6.586404230973049e-05,7.081663869420043e-05,5.2359162536520794e-05,4.198695397370271e-05,1.755386017896952e-05,1.917149661320919e-05,8.180871078707281e-05,1.814520603723054e-05,1.043995610745922e-05,5.5946234074091737e-05,6.319486683473412e-05,2.4613299284863984e-05,6.802752051272335e-05,4.7129114396748756e-05,3.4582228633333486e-05,5.726959684712783e-05,1.3104348174023157e-05,9.397746906896603e-05,3.190276526175045e-05,9.116947525311762e-05,2.145891590274525e-05,6.831304048525882e-05,5.153844897718129e-05,6.703785935887853e-05,6.367836762025005e-05,4.303180836508028e-05,8.006812943625926e-05,2.0407888922505167e-05,7.831562089183058e-05,5.722989413231216e-05,7.187835343277903e-05,4.517727271646707e-05,3.3796807065293386e-05,0.000109741297262031,1.5902742545501867e-05,2.6081245599327123e-05,5.396120513872821e-05,7.418052511944505e-05,2.53778134434989e-05,3.162481023428341e-05,6.809525086687392e-05,5.890859480535084e-05,4.3820964443277726e-05
Bajaj Auto,8.415728627706073e-05,6.392982715832358e-05,5.938298231493362e-05,4.2282138384421495e-05,2.306498709616022e-05,4.1356184651288693e-05,0.0002541136752169565,3.71300320101918e-05,4.106855884937862e-05,5.874870403757231e-05,4.9677645660936e-05,2.160976599974849e-05,1.2249320028744237e-05,6.47215712192293e-05,4.137332752425891e-05,2.750782430576664e-05,6.810645535734661e-05,4.2305383958070154e-05,2.6371997207089892e-05,2.9658216067252445e-05,4.360186209045462e-05,9.898450784540722e-05,5.2429551137518614e-05,2.0849034943061197e-05,1.3363557033471785e-05,3.0366896218468064e-05,5.073047523089649e-05,6.284352965527465e-06,5.486292786870021e-05,1.765520501842352e-05,4.466911461021232e-05,7.850593110998323e-05,6.512925349104819e-05,5.5855678965990696e-05,3.345877043137559e-05,5.575945300446146e-05,4.427284332560358e-05,4.2348832676436796e-05,4.185415893147067e-05,2.4186305487088078e-05,3.373993090401199e-05,2.8248281237943593e-05,1.1658586793642904e-05,8.620958212737674e-05,7.088262519107577e-05,1.1684754839659598e-05,3.848902561614898e-05,6.020168258224753e-05,4.4542055092389867e-05,2.1776107434392108e-05
Bajaj Finance,0.00015610151137073223,5.0976235240235956e-05,0.00013842944495133898,4.4720960890412626e-05,5.470965234872543e-05,6.586404230973049e-05,3.71300320101918e-05,0.0002464062024795082,0.00016685814039148948,5.939197608875687e-05,4.6805932899306176e-05,3.141868192864984e-05,7.461772430258668e-06,6.594884091908984e-05,1.4146355544325838e-05,1.0696844474037372e-05,3.0294976307239993e-05,6.844058179002284e-05,3.661643688659103e-05,6.0485241897326965e-05,6.216300196441532e-05,3.907165338768391e-05,5.815413113887694e-05,1.7972901158877453e-05,5.896066435888789e-05,3.505875672978795e-05,9.799059540800025e-05,4.4324461073337724e-05,7.118958361186657e-05,5.749953822129709e-05,6.0457572037868016e-05,6.60980253158206e-05,4.5056243868031777e-05,7.27373878647034e-05,3.644841456958394e-05,7.288430017643283e-05,4.511513198954307e-05,6.931773414712262e-05,6.753928845243204e-05,3.911463203602446e-05,8.877334819199618e-05,2.5644360747005273e-05,3.919981531959361e-05,4.590008234148197e-05,7.125397604839677e-05,4.271763507335563e-05,6.133477807283571e-05,8.230082859403687e-05,7.387226578122056e-05,5.27847144481887e-05
Bajaj Finserv,0.00015845900666208298,5.917913432265699e-05,0.0001421467012855653,4.223777725402252e-05,4.3928086181048765e-05,7.081663869420043e-05,4.106855884937862e-05,0.00016685814039148948,0.00019603344862257626,7.375267517103145e-05,3.675332347220146e-05,2.628152522533943e-05,1.8183393364587606e-05,6.877294552906368e-05,1.8176434057244368e-05,2.467730871876699e-05,3.825451786315654e-05,6.857840984851773e-05,4.1409649137345814e-05,5.4518409420497276e-05,7.40677324855882e-05,5.0953010286049185e-05,6.497830982986207e-05,1.6209196160802306e-05,6.067260155718247e-05,2.7692251536438727e-05,0.0001058014415048622,4.7248323189917434e-05,7.290157584771057e-05,4.799899204973491e-05,5.951947343338252e-05,7.929280416389739e-05,4.8902326658694655e-05,7.668518840971784e-05,3.214581044618785e-05,7.167293942010627e-05,5.448947785448678e-05,6.398913160129766e-05,8.218164865796552e-05,3.902694634975554e-05,9.683514299434021e-05,2.6859729639342063e-05,4.1172342677849826e-05,6.612506381175259e-05,7.870854336258461e-05,3.9025236913016325e-05,6.863088600341698e-05,7.760804746100304e-05,6.717717207483225e-05,5.7408742772550047e-05
Bharat Petroleum,0.00022650486609969206,0.00021308557367141445,0.00021366275467312696,4.327606299878689e-05,4.249379683227491e-05,5.2359162536520794e-05,5.874870403757231e-05,5.939197608875687e-05,7.375267517103145e-05,0.0003599749049379752,4.842637750903193e-05,1.6285204495607735e-05,1.4801929229979632e-05,0.0001788880128530625,4.186323086496235e-05,3.211887711817878e-05,6.003271919647205e-05,8.205720876546876e-05,2.5286871408581335e-05,4.6850332355191566e-05,4.768313665228073e-05,6.841341728937892e-05,9.862650775156782e-05,1.876132164198844e-05,3.973544628359421e-05,3.326036087864056e-05,9.078572469444168e-05,2.297246982766617e-05,8.586735821850123e-05,3.3131515164956814e-05,0.0001116301043251769,8.597934089789018e-05,5.1703280717475425e-05,0.00016578256733516212,2.3297704555996394e-05,0.00018721974524445236,0.00015154968120557855,9.60602093115395e-05,5.927217830380855e-05,4.020443833557897e-05,0.00014542775109883696,3.757639806903003e-05,3.396138208373808e-05,0.00011360998761910817,0.00011691254800613043,4.4810150923618214e-05,6.028817298785532e-05,8.271961054493687e-05,8.296055682859863e-05,5.271463241762632e-05
Bharti Airtel,8.48538151325103e-05,9.992907474218523e-05,8.842563844326574e-05,3.343318250519961e-05,1.760296224691405e-05,4.198695397370271e-05,4.9677645660936e-05,4.6805932899306176e-05,3.675332347220146e-05,4.842637750903193e-05,0.00016594763135278982,2.3109045171409458e-05,2.217992343312013e-05,6.0930333804710043e-05,2.231764872258484e-05,2.5806523383271527e-05,5.265599000454984e-05,4.8752312307362246e-05,4.118906407916149e-05,3.644705945712983e-05,3.282846501006902e-05,3.490484554482234e-05,6.109381021475463e-05,2.110595103361673e-05,4.9094306716454055e-05,3.4040875694658936e-05,5.136682493268809e-05,4.618797887412956e-05,5.9592566948306534e-05,5.593798882679309e-05,5.6018438760249925e-05,5.5955382434650654e-05,4.7005281704009804e-05,5.914134883870211e-05,1.8221290069324636e-05,7.019066812328077e-05,4.819618241955962e-05,5.719008809487261e-05,4.6025906727401455e-05,2.6743344643838233e-05,5.3915942641198145e-05,3.402786880093459e-05,3.0423919423537437e-05,4.862555717117407e-05,5.921458939798523e-05,4.543527193462749e-05,3.9768762326495186e-05,5.780257893413287e-05,4.567128472148182e-05,4.471687482091978e-05
Britannia Industries,1.3627867577797714e-05,1.248005030406171e-05,2.5330785556485837e-05,3.4003333380624166e-05,5.720795121933087e-05,1.755386017896952e-05,2.160976599974849e-05,3.141868192864984e-05,2.628152522533943e-05,1.6285204495607735e-05,2.3109045171409458e-05,0.00014700125637419825,2.047278782779272e-05,1.2230418431015532e-05,2.74278083672373e-05,2.197215710241179e-05,2.0263119057369946e-05,3.112916737097264e-05,2.1838529366477025e-05,8.088121421143637e-06,1.3780813142701954e-06,3.0502753213933404e-05,1.6150953263110585e-05,6.576446814974255e-05,7.997706926988064e-06,5.3563783339140226e-05,2.79934151907081e-05,1.5508824671040584e-05,2.6833793545455406e-05,3.405226183724266e-05,1.716597160757144e-05,2.7675985936865487e-05,2.35939005543802e-05,1.1232289670247966e-05,6.479655727757155e-05,4.332837771287243e-06,-1.5183538424735886e-06,2.5010045615112002e-05,1.4468801957282199e-05,2.655007780059971e-05,6.390980104092501e-06,2.2241654336631352e-05,2.014457959235891e-05,1.7756538719776055e-05,1.6330500057948037e-05,1.9460448801915794e-05,1.038553339241721e-05,2.581750512593905e-05,2.3776908428572994e-05,2.7321523772751335e-05
Cipla,2.6832241179841177e-05,3.853408658262296e-05,2.711122724930403e-05,4.6991803197200716e-05,1.803209405045161e-05,1.917149661320919e-05,1.2249320028744237e-05,7.461772430258668e-06,1.8183393364587606e-05,1.4801929229979632e-05,2.217992343312013e-05,2.047278782779272e-05,0.0002298585444784873,2.5072320987672003e-05,6.876219450183145e-05,6.666681327099553e-05,1.403143020999193e-05,2.4700929392282176e-05,1.1859278318033013e-05,1.2639631082720554e-06,1.1745524809558895e-05,3.305537812901326e-05,2.7017002828173916e-05,8.87291383083469e-06,1.1505874178159848e-05,1.9072359464434567e-05,1.687141460178545e-05,1.746351125111528e-05,2.7026159800095514e-05,9.341729609332768e-06,3.3196543552291974e-05,2.6564369302730007e-05,1.58453900609826e-05,2.558867103462578e-05,1.4819633923840436e-05,1.645096657871873e-05,2.64268705503309e-05,1.623964474355112e-05,2.8712723055501678e-05,9.520744836541686e-06,9.822074372222085e-06,6.105478940821888e-05,1.7259253758098747e-05,1.871126472416363e-05,2.785736528109927e-05,1.156073319000905e-05,1.6081657845889546e-05,3.614022132913781e-05,1.6069144302983084e-05,2.0843392999582025e-05
Coal India,0.0002182271532659691,0.0001668034711228948,0.00020346947388537578,4.725733478323752e-05,3.1250877300188835e-05,8.180871078707281e-05,6.47215712192293e-05,6.594884091908984e-05,6.877294552906368e-05,0.0001788880128530625,6.0930333804710043e-05,1.2230418431015532e-05,2.5072320987672003e-05,0.00033454757707676743,4.578560383793344e-05,3.5795427454713293e-05,7.390424722922916e-05,7.282912817120144e-05,5.3742763321479594e-05,5.853284980911084e-05,4.937691157447335e-05,7.013229480078648e-05,0.00012167456776014581,-2.143382217218801e-06,4.9494149737180416e-05,3.449231446829871e-05,0.0001029763682174838,2.8053578158387973e-05,0.0001117522115954647,5.194543939453456e-05,0.00011899973243566033,8.588738699604866e-05,5.7274785577502945e-05,0.0001784802229320768,2.396850688516039e-05,0.0002007480992326607,0.00013969827155742645,9.994810513271972e-05,6.323752329539099e-05,4.2337286545987104e-05,0.0001356015331558825,3.7529433285929074e-05,2.7526927836672124e-05,0.00010978931864971754,0.00014835547168787848,4.866923243961423e-05,5.519011839202532e-05,0.00010241436175241203,6.73259020520263e-05,6.983086612147326e-05
Divi's Laboratories,8.002110985408374e-05,6.699904565227263e-05,2.9452893626963953e-05,5.832853411496467e-05,4.355791943651111e-05,1.814520603723054e-05,4.137332752425891e-05,1.4146355544325838e-05,1.8176434057244368e-05,4.186323086496235e-05,2.231764872258484e-05,2.74278083672373e-05,6.876219450183145e-05,4.578560383793344e-05,0.0002735502247973161,5.792136305879076e-05,3.611523978228721e-05,3.172864727233147e-05,3.355053843268251e-05,7.233008534117763e-06,3.722791393429489e-05,4.220481653568811e-05,7.83119165251939e-05,2.6156278491940153e-05,4.606572765417081e-06,1.5022639591981868e-05,1.3986133406497713e-05,3.07172550415124e-05,4.38066005888928e-05,1.1641060781164421e-05,3.085872435912401e-05,3.536885444942369e-05,2.7172414871878446e-05,2.3985002296820847e-05,2.2966587262548872e-05,3.5991806168066624e-05,2.1575270877895763e-05,2.7700351372373328e-05,1.7844146160017043e-05,2.576949613463524e-05,5.669891985553782e-06,4.259285651520923e-05,2.7672429420270415e-05,2.7246776457798935e-05,5.875636534615918e-05,5.0214463702460534e-05,8.920321965096778e-06,5.954645911980912e-05,3.1992990344931416e-05,4.815592352580293e-05
Dr. Reddy's Laboratories,3.509455674022331e-05,1.0172123501094361e-05,2.949682152200187e-05,3.619223452848606e-05,8.791656925114344e-06,1.043995610745922e-05,2.750782430576664e-05,1.0696844474037372e-05,2.467730871876699e-05,3.211887711817878e-05,2.5806523383271527e-05,2.197215710241179e-05,6.666681327099553e-05,3.5795427454713293e-05,5.792136305879076e-05,0.00015014569090328683,2.3042773740208755e-05,3.457903613004053e-05,3.0113389719421137e-05,2.042826322767453e-05,1.0289896697753094e-05,2.3096260875064444e-05,5.073696777130775e-05,1.387036646652031e-05,2.111563410892545e-06,2.5045761363965304e-05,1.898072278516602e-05,3.344602881172712e-05,4.511274751549485e-05,-1.09957392053191e-06,2.991580123186097e-05,3.964792853281736e-05,1.5488893660044885e-05,3.5912092462838965e-05,2.3598924460504892e-05,3.3006293986563414e-05,2.8555855355497074e-05,2.614873261327346e-05,3.203334618122566e-05,9.732983955580406e-06,2.0221486671544507e-05,4.8215529572403126e-05,2.686529373035481e-05,3.504867208813807e-05,3.862928218418241e-05,3.173792312657804e-05,1.7749633755895743e-05,3.293146664792658e-05,3.348702705004747e-05,4.6991573869078164e-05
Eicher Motors,0.00013833130959746195,8.883780002125842e-05,8.688746802483026e-05,4.63585262123463e-05,3.7155832299786754e-05,5.5946234074091737e-05,6.810645535734661e-05,3.0294976307239993e-05,3.825451786315654e-05,6.003271919647205e-05,5.265599000454984e-05,2.0263119057369946e-05,1.403143020999193e-05,7.390424722922916e-05,3.611523978228721e-05,2.3042773740208755e-05,0.0002300791182165461,6.594704259824069e-05,3.5120319268115894e-05,4.8442858324135794e-05,3.757491841816381e-05,5.843304134632873e-05,6.400107503753901e-05,2.6587741293516386e-05,5.005772638751566e-05,3.5011062336734096e-05,6.59009788299964e-05,2.7287656919253832e-05,6.441113333946487e-05,4.349746798469033e-05,5.709744173145503e-05,9.350597685320219e-05,6.686905840424154e-05,6.382833904098084e-05,2.620714549852676e-05,6.677414896253292e-05,4.584674646943208e-05,6.111634959937757e-05,5.8934128488320923e-05,4.0262514895929585e-05,6.910495729686714e-05,2.4358936703424972e-05,2.6946750743718286e-05,7.310375093428017e-05,7.05571923090639e-05,3.933447248924508e-05,4.366660544937414e-05,6.468913144653445e-05,4.7141742998342635e-05,5.071718493015118e-05
Grasim Industries,0.00012113107574401732,9.100598483307189e-05,0.00011722431418679056,4.700444513004397e-05,4.566404987808813e-05,6.319486683473412e-05,4.2305383958070154e-05,6.844058179002284e-05,6.857840984851773e-05,8.205720876546876e-05,4.8752312307362246e-05,3.112916737097264e-05,2.4700929392282176e-05,7.282912817120144e-05,3.172864727233147e-05,3.457903613004053e-05,6.594704259824069e-05,0.00017463310636219818,3.270912980785644e-05,5.1046755964671144e-05,4.617404762994346e-05,5.16865081223446e-05,9.831387598291852e-05,2.7736143259824105e-05,5.734675035378295e-05,3.558103354249583e-05,7.137392318660462e-05,3.228548279471563e-05,9.486189005818105e-05,4.6626806192278006e-05,6.234641078913572e-05,7.19647477474796e-05,4.6832753399200504e-05,8.222378104227521e-05,3.921231618039597e-05,8.025250003225995e-05,7.020309100944704e-05,6.905888884146774e-05,4.793780791144459e-05,7.066243954894605e-05,8.701468404279221e-05,3.2278159082823396e-05,3.187009067657772e-05,6.769197167373736e-05,9.269167793263966e-05,3.504524893859668e-05,5.988057015421864e-05,7.678288800589374e-05,0.0001000106824683256,5.102866821843968e-05
HCL Technologies,6.805357725058606e-05,1.659888877027998e-05,5.812756378124771e-05,3.807137400203183e-05,1.8586856056469182e-05,2.4613299284863984e-05,2.6371997207089892e-05,3.661643688659103e-05,4.1409649137345814e-05,2.5286871408581335e-05,4.118906407916149e-05,2.1838529366477025e-05,1.1859278318033013e-05,5.3742763321479594e-05,3.355053843268251e-05,3.0113389719421137e-05,3.5120319268115894e-05,3.270912980785644e-05,0.00018117387060167893,1.896785601666506e-05,2.822350661033286e-05,2.78765576617987e-05,6.282764183331325e-05,2.9206344703589655e-05,1.9953757289248844e-05,2.5019567351011348e-05,3.7405959200376345e-05,0.00012977527299436867,4.8386486985422535e-05,2.4714364029986362e-05,3.9342787698467126e-05,4.797550188677306e-05,3.33924778698845e-05,3.915185763543672e-05,2.1622120560006843e-05,4.662858815859494e-05,1.8331588517180306e-05,4.5238038801066665e-05,4.1677821099310195e-05,2.6406791449568888e-05,4.235967014840738e-05,2.0661199784646936e-05,0.00010552463241636502,5.41762211781771e-05,5.8777232892283315e-05,0.00011284044243537058,2.981719371319708e-05,5.4320730189314e-05,3.868086422700958e-05,0.00012073682014904882
HDFC Bank,0.00010753172907252015,7.558123751427376e-05,0.00010365872627713365,1.5852247010722325e-05,3.0696099131334874e-05,6.802752051272335e-05,2.9658216067252445e-05,6.0485241897326965e-05,5.4518409420497276e-05,4.6850332355191566e-05,3.644705945712983e-05,8.088121421143637e-06,1.2639631082720554e-06,5.853284980911084e-05,7.233008534117763e-06,2.042826322767453e-05,4.8442858324135794e-05,5.1046755964671144e-05,1.896785601666506e-05,0.00015554121198017016,3.7300155759142406e-05,2.0224601026897147e-05,5.9853708651482504e-05,1.3351571042806372e-05,6.073676137087183e-05,1.511315597982699e-05,7.858141009135562e-05,3.088489061834578e-05,6.660939896462537e-05,6.091872578124887e-05,6.296781182837623e-05,6.549165281351856e-05,2.6701351941686617e-05,6.498112717510715e-05,1.1042606220012022e-05,5.873588843507934e-05,5.093777792835237e-05,5.394037405404996e-05,3.828068638538442e-05,2.543158626281252e-05,7.12508627579968e-05,1.2723248735328905e-05,2.0629374518611858e-05,4.005134705265706e-05,7.106931724839127e-05,3.731100706700604e-05,3.200972155072217e-05,6.488594002386701e-05,5.2170807348957284e-05,4.569780274493955e-05
HDFC Life Insurance,0.00018203372330278823,5.0735614807203806e-05,0.00012749831464453501,2.55788068334832e-05,3.3213399394829657e-05,4.7129114396748756e-05,4.360186209045462e-05,6.216300196441532e-05,7.40677324855882e-05,4.768313665228073e-05,3.282846501006902e-05,1.3780813142701954e-06,1.1745524809558895e-05,4.937691157447335e-05,3.722791393429489e-05,1.0289896697753094e-05,3.757491841816381e-05,4.617404762994346e-05,2.822350661033286e-05,3.7300155759142406e-05,0.00025571372141866875,4.955878793669548e-05,5.472927990637004e-05,2.4567252503658872e-05,2.9181835567654208e-05,1.4880467147688911e-05,6.039185162344688e-05,1.7621182588329157e-05,4.7669399350014206e-05,3.672213158209933e-05,4.1601918504139985e-05,5.215680177054237e-05,4.328076475074296e-05,4.5045862222370094e-05,2.4469364670719104e-05,4.506165952922553e-05,2.2708692160392858e-05,4.515478013597987e-05,0.00013697304237098438,3.075535161240283e-05,6.145265181905028e-05,2.5799816160763567e-05,2.2203190681520995e-05,5.2093125331664396e-05,5.263571869375607e-05,2.9244051534345394e-05,4.6046069213685685e-05,6.637029902950154e-05,4.0418827595178184e-05,4.066685341094571e-05
Hero MotoCorp,9.763188815429084e-05,8.47524472501228e-05,9.042892757660191e-05,4.2441981540534576e-05,2.748918474585226e-05,3.4582228633333486e-05,9.898450784540722e-05,3.907165338768391e-05,5.0953010286049185e-05,6.841341728937892e-05,3.490484554482234e-05,3.0502753213933404e-05,3.305537812901326e-05,7.013229480078648e-05,4.220481653568811e-05,2.3096260875064444e-05,5.843304134632873e-05,5.16865081223446e-05,2.78765576617987e-05,2.0224601026897147e-05,4.955878793669548e-05,0.0002349482411093446,6.566459889623072e-05,3.6010631457429384e-05,2.780705708143991e-05,2.0865162908912757e-05,5.0650475348833806e-05,2.100473245993956e-05,4.5000625108049744e-05,2.769340048889316e-05,4.740326241799412e-05,8.762932679317802e-05,5.556045043589771e-05,4.76372369002168e-05,3.911848072450569e-05,6.169165829815017e-05,4.705367010940964e-05,4.255307573574548e-05,4.5909270424670616e-05,3.690746865875242e-05,4.913870694972043e-05,3.2937178787276074e-05,2.6036426944842604e-05,7.507579676041648e-05,6.855902823839515e-05,2.823387124257862e-05,5.388250645948245e-05,6.0110565860109914e-05,5.210763934616473e-05,4.6787005875465355e-05
Hindalco Industries,0.0001280106888097936,0.00013320917603223303,0.00012703547992271155,2.6204041966219303e-05,2.0232587901746198e-05,5.726959684712783e-05,5.2429551137518614e-05,5.815413113887694e-05,6.497830982986207e-05,9.862650775156782e-05,6.109381021475463e-05,1.6150953263110585e-05,2.7017002828173916e-05,0.00012167456776014581,7.83119165251939e-05,5.073696777130775e-05,6.400107503753901e-05,9.831387598291852e-05,6.282764183331325e-05,5.9853708651482504e-05,5.472927990637004e-05,6.566459889623072e-05,0.00033869268617377034,1.946200213962411e-05,4.347249548950602e-05,2.943067435917691e-05,8.178163170179382e-05,6.006470909307395e-05,0.0001719986131013732,4.4483786021716784e-05,8.28882236996994e-05,9.00211253181446e-05,5.566994759109359e-05,0.00010215620345212204,2.824874612092077e-05,0.0001363867290063043,9.009970022699491e-05,8.018964141592657e-05,5.4911029402557046e-05,2.974978926979882e-05,9.26537048279625e-05,4.500802513921192e-05,4.8376276970184125e-05,0.00010400572360687045,0.00020047990741318102,6.861882506842297e-05,4.7822402740514234e-05,0.00010848824744992586,6.634245445786049e-05,8.262694194799198e-05
Hindustan Unilever,-5.501188779383419e-06,-1.192945795714492e-05,1.2296823002901703e-05,2.0054583382789194e-05,4.170216142664422e-05,1.3104348174023157e-05,2.0849034943061197e-05,1.7972901158877453e-05,1.6209196160802306e-05,1.876132164198844e-05,2.110595103361673e-05,6.576446814974255e-05,8.87291383083469e-06,-2.143382217218801e-06,2.6156278491940153e-05,1.387036646652031e-05,2.6587741293516386e-05,2.7736143259824105e-05,2.9206344703589655e-05,1.3351571042806372e-05,2.4567252503658872e-05,3.6010631457429384e-05,1.946200213962411e-05,0.00013437470762645264,3.699652269584032e-06,4.9551354210550194e-05,2.841852919517423e-05,3.2902126135828905e-05,2.5394379327177746e-05,2.5161525791584332e-05,6.03809312075896e-06,3.588560672042688e-05,2.554897294799648e-05,9.449223081677668e-07,5.881734604390361e-05,6.710434436062319e-06,-3.0546345551564068e-06,2.4853938831845403e-05,3.976761825869831e-05,1.7064686896201876e-05,3.909693241525761e-06,1.2542625018525132e-05,2.671301617895285e-05,2.3483755253816584e-05,1.5632798045472227e-05,2.3616511026803497e-05,2.766770030026208e-05,2.1445552273228606e-05,2.37818973641059e-05,3.2523382750326706e-05
ICICI Bank,0.00010168866946102013,9.212595897862575e-05,0.00010462650217691638,1.9049497912810893e-05,2.1338950058392896e-05,9.397746906896603e-05,1.3363557033471785e-05,5.896066435888789e-05,6.067260155718247e-05,3.973544628359421e-05,4.9094306716454055e-05,7.997706926988064e-06,1.1505874178159848e-05,4.9494149737180416e-05,4.606572765417081e-06,2.111563410892545e-06,5.005772638751566e-05,5.734675035378295e-05,1.9953757289248844e-05,6.073676137087183e-05,2.9181835567654208e-05,2.780705708143991e-05,4.347249548950602e-05,3.699652269584032e-06,0.00013343684124953603,3.195026312034093e-05,6.961821353652499e-05,3.5294082976793586e-05,6.133735870008438e-05,6.964698626205483e-05,5.937565573672498e-05,5.5106169439636574e-05,3.0500595444916707e-05,5.7396457028385755e-05,1.4815111671508877e-05,5.693599836932651e-05,4.721975448926028e-05,5.9723417691386325e-05,3.326665682329297e-05,3.865411170751576e-05,9.116169539759646e-05,1.550713463696349e-05,2.7051634790292548e-05,2.8745880667579636e-05,5.726218884958499e-05,2.670359786599355e-05,2.4812904399217286e-05,4.606152337727019e-05,5.5114157614152674e-05,4.094504934005678e-05
ITC,1.1458744826432338e-05,1.6825511404734616e-05,3.4691431162099795e-05,2.4427215123748396e-05,2.8053449710596545e-05,3.190276526175045e-05,3.0366896218468064e-05,3.505875672978795e-05,2.7692251536438727e-05,3.326036087864056e-05,3.4040875694658936e-05,5.3563783339140226e-05,1.9072359464434567e-05,3.449231446829871e-05,1.5022639591981868e-05,2.5045761363965304e-05,3.5011062336734096e-05,3.558103354249583e-05,2.5019567351011348e-05,1.511315597982699e-05,1.4880467147688911e-05,2.0865162908912757e-05,2.943067435917691e-05,4.9551354210550194e-05,3.195026312034093e-05,0.0001317952747918335,2.889533398990492e-05,2.775634355374709e-05,4.69300055896307e-05,3.828329340708479e-05,3.377991433287157e-05,4.0146050726849016e-05,3.292764950489526e-05,3.27026299740163e-05,4.0625088687863814e-05,3.01630120742866e-05,1.762119556982506e-05,4.2798746427741996e-05,1.9269926657387133e-05,2.7296942013274773e-05,3.888776899507662e-05,2.1717819180703474e-05,2.0290418471824505e-05,3.4707988663709926e-05,3.843171143475255e-05,2.7021437742679494e-05,3.64834604483918e-05,3.88973123537305e-05,2.9489378622593996e-05,3.4975525364554035e-05
IndusInd Bank,0.0001728740487701969,0.00011981265695050216,0.0001738607956738327,2.427617855314776e-05,4.225612587612964e-05,9.116947525311762e-05,5.073047523089649e-05,9.799059540800025e-05,0.0001058014415048622,9.078572469444168e-05,5.136682493268809e-05,2.79934151907081e-05,1.687141460178545e-05,0.0001029763682174838,1.3986133406497713e-05,1.898072278516602e-05,6.59009788299964e-05,7.137392318660462e-05,3.7405959200376345e-05,7.858141009135562e-05,6.039185162344688e-05,5.0650475348833806e-05,8.178163170179382e-05,2.841852919517423e-05,6.961821353652499e-05,2.889533398990492e-05,0.00032637629730447766,3.5991587141000005e-05,9.04092100078409e-05,6.694042437870064e-05,9.203022437921116e-05,0.00010784026755587227,6.366347990292025e-05,0.0001100531708855122,3.235948281338086e-05,9.562556979792012e-05,8.175253387930417e-05,8.517476937489881e-05,7.047534005229805e-05,2.7370518697215944e-05,0.00013287056114223857,2.1848400673177794e-05,2.9936274883364967e-05,9.065862057969204e-05,9.547795166678511e-05,2.281712954738893e-05,4.706431700801882e-05,8.002422721577299e-05,6.48941775740663e-05,5.812409125019356e-05
Infosys,5.428801286124393e-05,1.0193898686923251e-05,4.907730582344397e-05,1.9839397997354245e-05,2.1815939472778486e-05,2.145891590274525e-05,6.284352965527465e-06,4.4324461073337724e-05,4.7248323189917434e-05,2.297246982766617e-05,4.618797887412956e-05,1.5508824671040584e-05,1.746351125111528e-05,2.8053578158387973e-05,3.07172550415124e-05,3.344602881172712e-05,2.7287656919253832e-05,3.228548279471563e-05,0.00012977527299436867,3.088489061834578e-05,1.7621182588329157e-05,2.100473245993956e-05,6.006470909307395e-05,3.2902126135828905e-05,3.5294082976793586e-05,2.775634355374709e-05,3.5991587141000005e-05,0.00021143542345305024,4.929640288935475e-05,2.4286675038935117e-05,4.274211533993399e-05,5.7378319311678185e-05,1.8049585821631432e-05,2.8004847384140414e-05,9.159704018865505e-06,4.855639996569258e-05,1.0829886346543296e-05,4.561969080256222e-05,3.614316295478994e-05,2.1609728315895975e-05,3.217198393339301e-05,2.367181805927373e-05,0.00012360371991379195,3.827759629392905e-05,4.735485694320984e-05,0.00013758983060293024,2.9850335308366495e-05,4.470569206081775e-05,3.80493180060098e-05,0.00012730751256232305
JSW Steel,0.00015909691529811097,0.00012863965417597093,0.00013598237741362473,5.1459844470567316e-05,3.551510651577645e-05,6.831304048525882e-05,5.486292786870021e-05,7.118958361186657e-05,7.290157584771057e-05,8.586735821850123e-05,5.9592566948306534e-05,2.6833793545455406e-05,2.7026159800095514e-05,0.0001117522115954647,4.38066005888928e-05,4.511274751549485e-05,6.441113333946487e-05,9.486189005818105e-05,4.8386486985422535e-05,6.660939896462537e-05,4.7669399350014206e-05,4.5000625108049744e-05,0.0001719986131013732,2.5394379327177746e-05,6.133735870008438e-05,4.69300055896307e-05,9.04092100078409e-05,4.929640288935475e-05,0.00022734524514098504,5.614219952298554e-05,9.697263048557939e-05,0.00010114922666193455,6.030148454827969e-05,0.00011973141242939216,3.095419319271584e-05,0.00011633034329612101,9.398188877350237e-05,7.953923744327682e-05,4.9275654739668906e-05,5.327385912732155e-05,9.203780474789858e-05,3.245249199196992e-05,3.942787899051282e-05,9.197260372085755e-05,0.00018477372096134743,5.5981383593367165e-05,5.624000531707845e-05,0.00011294949657961923,9.384620279394214e-05,7.630657685281158e-05
Kotak Mahindra Bank,8.004131307242583e-05,7.507436401250893e-05,8.28318442117105e-05,2.7857245646724934e-05,2.8804753465768395e-05,5.153844897718129e-05,1.765520501842352e-05,5.749953822129709e-05,4.799899204973491e-05,3.3131515164956814e-05,5.593798882679309e-05,3.405226183724266e-05,9.341729609332768e-06,5.194543939453456e-05,1.1641060781164421e-05,-1.09957392053191e-06,4.349746798469033e-05,4.6626806192278006e-05,2.4714364029986362e-05,6.091872578124887e-05,3.672213158209933e-05,2.769340048889316e-05,4.4483786021716784e-05,2.5161525791584332e-05,6.964698626205483e-05,3.828329340708479e-05,6.694042437870064e-05,2.4286675038935117e-05,5.614219952298554e-05,0.000166322394889217,4.709470120644953e-05,5.2617900188391e-05,3.330614026593433e-05,4.3555749792756466e-05,2.2672686851188985e-05,4.88960881715675e-05,3.8393181471328534e-05,5.580918042338069e-05,4.663315344637148e-05,3.186087315683055e-05,6.238990718234498e-05,1.6402238632632985e-05,2.0058810242206075e-05,3.3643329690179186e-05,4.78080129858087e-05,3.1593345449498916e-05,2.6595641825363593e-05,4.637914430530722e-05,4.742769668319315e-05,4.597586189903975e-05
Larsen & Toubro,0.0001430320801704411,0.00015150032348929654,0.00015109976207514566,3.855576317618558e-05,2.8817154580386162e-05,6.703785935887853e-05,4.466911461021232e-05,6.0457572037868016e-05,5.951947343338252e-05,0.0001116301043251769,5.6018438760249925e-05,1.716597160757144e-05,3.3196543552291974e-05,0.00011899973243566033,3.085872435912401e-05,2.991580123186097e-05,5.709744173145503e-05,6.234641078913572e-05,3.9342787698467126e-05,6.296781182837623e-05,4.1601918504139985e-05,4.740326241799412e-05,8.28882236996994e-05,6.03809312075896e-06,5.937565573672498e-05,3.377991433287157e-05,9.203022437921116e-05,4.274211533993399e-05,9.697263048557939e-05,4.709470120644953e-05,0.0002321951825197385,7.823072535287443e-05,5.101192058393034e-05,0.00011886383928362452,1.6868475841745443e-05,0.00013382439120086166,0.00010001247921097487,8.382726262225506e-05,5.9628098691765276e-05,3.652272056497226e-05,0.00010275957314515872,2.645217253362534e-05,4.179526287418364e-05,7.403014724457414e-05,0.00010407584472587198,4.088669837777257e-05,4.1298934679718744e-05,7.940799165912151e-05,7.694869826373241e-05,6.508950186283169e-05
Mahindra & Mahindra,0.0001623415603629176,9.277227580465404e-05,0.00013698554205174792,5.339463170787024e-05,2.2917796733760368e-05,6.367836762025005e-05,7.850593110998323e-05,6.60980253158206e-05,7.929280416389739e-05,8.597934089789018e-05,5.5955382434650654e-05,2.7675985936865487e-05,2.6564369302730007e-05,8.588738699604866e-05,3.536885444942369e-05,3.964792853281736e-05,9.350597685320219e-05,7.19647477474796e-05,4.797550188677306e-05,6.549165281351856e-05,5.215680177054237e-05,8.762932679317802e-05,9.00211253181446e-05,3.588560672042688e-05,5.5106169439636574e-05,4.0146050726849016e-05,0.00010784026755587227,5.7378319311678185e-05,0.00010114922666193455,5.2617900188391e-05,7.823072535287443e-05,0.00030366176737871086,8.142211450667483e-05,9.121325168544497e-05,4.4991318234305935e-05,9.139187376193824e-05,8.151589001337799e-05,7.17076405059337e-05,6.229909203438736e-05,3.8151947221600026e-05,8.927494952788413e-05,4.7823030125310374e-05,4.4149294832713447e-05,0.00012000044788301695,0.00010572455021023635,5.678969258398825e-05,6.276565650047814e-05,7.026599133394705e-05,8.857535913090635e-05,7.499293779828859e-05
Maruti Suzuki,0.00010378431270847616,6.647510400657148e-05,8.711730683764152e-05,2.535918613938826e-05,3.080070818994595e-05,4.303180836508028e-05,6.512925349104819e-05,4.5056243868031777e-05,4.8902326658694655e-05,5.1703280717475425e-05,4.7005281704009804e-05,2.35939005543802e-05,1.58453900609826e-05,5.7274785577502945e-05,2.7172414871878446e-05,1.5488893660044885e-05,6.686905840424154e-05,4.6832753399200504e-05,3.33924778698845e-05,2.6701351941686617e-05,4.328076475074296e-05,5.556045043589771e-05,5.566994759109359e-05,2.554897294799648e-05,3.0500595444916707e-05,3.292764950489526e-05,6.366347990292025e-05,1.8049585821631432e-05,6.030148454827969e-05,3.330614026593433e-05,5.101192058393034e-05,8.142211450667483e-05,0.0001516209943601957,5.95125509480588e-05,3.013959741848971e-05,6.197274089712796e-05,5.087945008579882e-05,4.783181151309818e-05,5.095940849871824e-05,3.515754027670523e-05,5.2836195741877446e-05,2.603793001841424e-05,2.341316174054928e-05,7.596230812563676e-05,7.01078460492473e-05,2.725784630084275e-05,4.71109050600333e-05,5.406627591600448e-05,5.125554064180156e-05,3.3430550139431254e-05
NTPC,0.0002156338310487996,0.00016849923369149458,0.0002175719810004427,4.010575907216181e-05,3.84308223637737e-05,8.006812943625926e-05,5.5855678965990696e-05,7.27373878647034e-05,7.668518840971784e-05,0.00016578256733516212,5.914134883870211e-05,1.1232289670247966e-05,2.558867103462578e-05,0.0001784802229320768,2.3985002296820847e-05,3.5912092462838965e-05,6.382833904098084e-05,8.222378104227521e-05,3.915185763543672e-05,6.498112717510715e-05,4.5045862222370094e-05,4.76372369002168e-05,0.00010215620345212204,9.449223081677668e-07,5.7396457028385755e-05,3.27026299740163e-05,0.0001100531708855122,2.8004847384140414e-05,0.00011973141242939216,4.3555749792756466e-05,0.00011886383928362452,9.121325168544497e-05,5.95125509480588e-05,0.0002894970853224325,1.6298277898134943e-05,0.00019035046560192864,0.00017892750635329068,9.798418916359133e-05,5.1875092555172836e-05,6.025348507332304e-05,0.0001387705106685537,3.326296438483113e-05,2.242502096201815e-05,0.00010706822932342087,0.0001369973683251489,4.051507390344596e-05,6.634399870361025e-05,0.00010017324423106471,8.561250426571757e-05,5.166866303555926e-05
