Company,Adani Enterprises,Adani Green Energy,Adani Ports,Apollo Hospitals,Asian Paints,Axis Bank,Bajaj Auto,Bajaj Finance,Bajaj Finserv,Bharat Petroleum,Bharti Airtel,Britannia Industries,Cipla,Coal India,Divi's Laboratories,Dr. Reddy's Laboratories,Eicher Motors,Grasim Industries,HCL Technologies,HDFC Bank,HDFC Life Insurance,Hero MotoCorp,Hindalco Industries,Hindustan Unilever,ICICI Bank,ITC,IndusInd Bank,Infosys,JSW Steel,Kotak Mahindra Bank,Larsen & Toubro,Mahindra & Mahindra,Maruti Suzuki,NTPC,Nestle India,Oil & Natural Gas Corporation,Power Grid Corporation,Reliance Industries,SBI Life Insurance,Shree Cement,State Bank of India,Sun Pharmaceutical,Tata Consultancy Services,Tata Motors,Tata Steel,Tech Mahindra,Titan Company,UPL,UltraTech Cement,Wipro
Adani Enterprises,0.001477873258841408,0.0007449627680714706,0.0008168769064430404,6.869811522783218e-05,9.487628859947749e-05,0.00010157358264094054,8.701627056570253e-05,0.0001550473313824773,0.00015872485610893855,0.0002269364008341216,8.188294769749733e-05,8.248666282924925e-06,3.477296019726813e-05,0.00021541114031663016,9.328934695180096e-05,4.1928592491450415e-05,0.00013723829252208506,0.00012643901803075836,5.3276594908257825e-05,0.00010984656226193543,0.00017740350921443724,0.00010188311052079461,0.00013298135893722657,-9.940118519619418e-06,9.937644238359169e-05,1.6360357015724698e-05,0.00017622174693831012,5.499356265039794e-05,0.0001555628744785719,8.532119703811582e-05,0.000142203196653143,0.00016450071078766875,0.00010574648323440674,0.0002216152107077599,3.411426290183532e-05,0.0002037374907695635,0.0001518453942010322,0.0001616027589464552,0.00014723733510040284,9.611708143812162e-05,0.0002572295344238608,6.45740070848359e-05,4.900096336934726e-05,0.000150059639055379,0.00015295180983243895,8.002645296018837e-05,9.570232467503784e-05,0.0001856017697991209,0.0001266788335674817,8.877349044868412e-05
Adani Green Energy,0.0007449627680714706,0.0013688615783049194,0.0005123267496940511,1.935951944044544e-05,5.99837025127577e-05,6.944022438165685e-05,7.386278302664291e-05,5.486827029778033e-05,6.187034736630735e-05,0.00022054105249066306,9.841586610299104e-05,1.0559899926631877e-05,4.788149588898888e-05,0.0001745564251465234,8.41583909402592e-05,1.922853837769422e-05,9.62008081555654e-05,9.999358212303295e-05,-4.6624910906128185e-06,7.755893316855045e-05,6.0549038532799394e-05,9.35847939989101e-05,0.00014564969775302588,-1.5376121677911937e-05,9.148545852901828e-05,2.8581770203841856e-05,0.0001328126899636943,1.2127065386535195e-05,0.0001316962477839904,7.769522953697979e-05,0.00015266797205553247,0.0001069967464651543,7.807116942271817e-05,0.0001873339908038223,2.736902855871228e-05,0.00021037569153797337,0.00016031698600985805,0.00010914354054985433,7.198458898402067e-05,9.666353897919152e-05,0.0001759918431682617,6.680131712476763e-05,9.34595204487895e-06,0.0001353502003960865,0.00015652472567089973,5.3727243534334005e-05,4.1738874088726325e-05,0.0001049116214976554,9.895509651297126e-05,5.140468610125797e-05
Adani Ports,0.0008168769064430404,0.0005123267496940511,0.0007340262538360038,6.629647858923823e-05,7.058598589408661e-05,0.00011445603675187944,6.336367104900958e-05,0.00013265440928650945,0.0001367078678733114,0.00021285974265473594,8.211165311105645e-05,1.9460471451626985e-05,3.507136798977271e-05,0.00020246804704727946,4.510285944291953e-05,3.5452020071892626e-05,8.818704789982483e-05,0.00012148635827020148,4.867014203428326e-05,0.00010313658960764688,0.00012762851829076162,9.228499630913412e-05,0.00012967016677312292,7.536932213748983e-06,0.00010273905279567993,3.770292622798031e-05,0.0001746689792587062,4.969203223120351e-05,0.00013104022904984568,8.122554832733914e-05,0.00015127535445925058,0.00013860081874827077,8.526413797647707e-05,0.00021990947378127125,2.3511514702166107e-05,0.00020319711005224505,0.00018041086664477064,0.00013977672304736375,0.00012738889547143407,8.851767962493946e-05,0.00023509164731167276,6.899674516530748e-05,3.8977026060002554e-05,0.00012426703435850075,0.00014805890295550514,6.126934367194756e-05,9.630637733565679e-05,0.000141936722645735,0.0001220531440295939,8.315957083043675e-05
Apollo Hospitals,6.869811522783218e-05,1.935951944044544e-05,6.629647858923823e-05,0.0001949986469848367,3.7437785198093374e-05,2.5785108638710174e-05,4.750813543792526e-05,4.398991083029122e-05,4.309268239268671e-05,4.863764844007033e-05,3.2666741601413e-05,3.065796099162605e-05,4.728884225057362e-05,4.9955343847259075e-05,5.7392225369286806e-05,3.762471626544231e-05,5.38064562257636e-05,4.764987332283999e-05,4.142436948564018e-05,1.8333173989653026e-05,3.0951137289377704e-05,4.763560481530771e-05,2.4841032629598738e-05,1.9863869954854238e-05,2.0813480630895237e-05,2.4266720941894976e-05,2.7149098775520888e-05,2.0764450944951942e-05,5.042743144777572e-05,2.7884492767276754e-05,4.338932107460488e-05,5.705144410709084e-05,2.714243701036264e-05,4.1418628071150524e-05,3.449106985569293e-05,4.212633027982824e-05,5.132624718233487e-05,3.789036775475008e-05,3.2324560537950214e-05,3.297312141832512e-05,3.9244496885854537e-05,4.6337307557039346e-05,1.9596224358576283e-05,5.1807287206623895e-05,5.0437940489939466e-05,4.8494992158059344e-05,4.25204196864227e-05,6.382172912877676e-05,5.1563946024413904e-05,4.5292746756294834e-05
Asian Paints,9.487628859947749e-05,5.99837025127577e-05,7.058598589408661e-05,3.7437785198093374e-05,0.00014650895657704568,1.8248932671995007e-05,2.9229124406042062e-05,5.3048194363037964e-05,4.583661316572062e-05,4.766801596651061e-05,1.8703453812026918e-05,5.779006582620019e-05,2.287007273472686e-05,3.6125748698581096e-05,4.280337424014289e-05,1.2862641138776236e-05,4.330909298440537e-05,4.673804801017809e-05,2.139062820719893e-05,3.0743727879772304e-05,3.344266660753137e-05,3.303550846842562e-05,2.4276158236438115e-05,4.537551584988845e-05,2.129925856092813e-05,3.852430272374752e-05,4.813630342007426e-05,2.0112421840263177e-05,3.5339867465590985e-05,3.317357644886883e-05,3.673558349471864e-05,2.788791595501024e-05,3.5932165968428685e-05,4.378812078020356e-05,4.524170510785602e-05,2.8801444443986406e-05,2.909470081413912e-05,4.365738462136514e-05,3.169156919830283e-05,2.758101208639994e-05,2.5017179265535807e-05,2.4977304404721256e-05,2.5352260531997198e-05,2.1633568460103874e-05,3.759761973867697e-05,2.8511723110611383e-05,4.954448171762164e-05,6.239643795294144e-05,3.866917882473991e-05,2.465219651869517e-05
Axis Bank,0.00010157358264094054,6.944022438165685e-05,0.00011445603675187944,2.5785108638710174e-05,1.8248932671995007e-05,0.0001896007445730567,4.2013084869347436e-05,6.84756498768786e-05,7.23780030392859e-05,5.113303410112554e-05,3.9399444328325266e-05,1.2614289986047903e-05,2.1300738121632557e-05,7.64563417340074e-05,2.16682866854498e-05,9.966652682575193e-06,5.5557036690752165e-05,5.773577572381016e-05,2.0080746284303215e-05,6.796914138128694e-05,4.819445463461814e-05,3.4400177329255056e-05,5.39408515493719e-05,1.2077171249925818e-05,9.169479014413395e-05,3.1922926824997965e-05,9.242982587025464e-05,2.4637613846259618e-05,6.402333785261865e-05,5.287507336541442e-05,6.377546096458446e-05,6.783713309365144e-05,4.334222003272364e-05,7.805537217395212e-05,1.7223063105396374e-05,7.649575670492882e-05,5.271763664724058e-05,6.946282698215048e-05,4.298729076809033e-05,3.524410295543776e-05,0.00010571634107432471,1.2854415214107436e-05,2.2961883684162855e-05,5.6537112156222546e-05,7.340051169701435e-05,2.2233721843670234e-05,3.047571868514286e-05,6.268412171722003e-05,5.791903499393251e-05,4.072753896068037e-05
Bajaj Auto,8.701627056570253e-05,7.386278302664291e-05,6.336367104900958e-05,4.750813543792526e-05,2.9229124406042062e-05,4.2013084869347436e-05,0.00025394707468249264,3.95126917926761e-05,4.486458924870177e-05,6.375193482510413e-05,5.100144307565685e-05,2.3993917874677e-05,1.675187176600461e-05,6.555710488357708e-05,4.816583872472947e-05,3.0361187896105202e-05,7.952594010042892e-05,4.6421666329656e-05,2.8747040821501806e-05,2.7822862717685396e-05,4.5011794074802555e-05,0.00010572384385339747,5.372547795006276e-05,2.6757047251135176e-05,1.6467566555706467e-05,3.734596409937404e-05,5.907499177202621e-05,1.243609338348036e-05,5.5369790218194094e-05,2.3184205980821196e-05,4.7097063757206606e-05,9.068209842930249e-05,6.930097102897141e-05,6.0677532577683955e-05,3.8074933530656615e-05,6.001837979875805e-05,4.992993837630021e-05,4.2732154880886325e-05,4.3770482361041845e-05,3.127799042429825e-05,3.7883336063258835e-05,3.2709460843222884e-05,1.3991278873142674e-05,8.944390796105622e-05,7.367824639408262e-05,1.805553140162299e-05,4.614753579127145e-05,6.143441920238686e-05,5.2240254917925434e-05,2.4451103905653504e-05
Bajaj Finance,0.0001550473313824773,5.486827029778033e-05,0.00013265440928650945,4.398991083029122e-05,5.3048194363037964e-05,6.84756498768786e-05,3.95126917926761e-05,0.0002581663497915667,0.00018006545317256401,5.723997706882171e-05,5.172777572238551e-05,2.5379241980781104e-05,1.1312226316905837e-05,6.311681108478729e-05,2.803844156050158e-05,1.0158873909447696e-05,4.54829274324153e-05,7.252368451919457e-05,3.421281966673197e-05,6.261354520141352e-05,6.275879702990725e-05,4.075883447002756e-05,5.593940515806665e-05,1.519451314542199e-05,5.9347623201113306e-05,3.330713868272877e-05,0.00010282640150548836,5.156141511999768e-05,7.380106389599836e-05,6.462467341705167e-05,5.2862556619844586e-05,7.811314033137463e-05,5.6091982360686465e-05,7.25698508952477e-05,3.750481338009879e-05,7.491268425563564e-05,4.63107073794715e-05,6.782629598447323e-05,6.928630492652643e-05,5.004268751746005e-05,8.714977085662924e-05,2.681855084745663e-05,3.9412028031391256e-05,4.856758425407942e-05,7.724404361356792e-05,4.779081153425785e-05,6.774643637794261e-05,8.897361253725419e-05,7.361488570258518e-05,6.464040466369706e-05
Bajaj Finserv,0.00015872485610893855,6.187034736630735e-05,0.0001367078678733114,4.309268239268671e-05,4.583661316572062e-05,7.23780030392859e-05,4.486458924870177e-05,0.00018006545317256401,0.00021344146595363373,7.286512229465268e-05,4.049205380650552e-05,2.2699648217446327e-05,2.1036476449475366e-05,6.660854793026917e-05,2.7241900710668528e-05,2.4014455905709232e-05,5.4056146891529816e-05,7.093138798269086e-05,4.130063134344152e-05,5.5717037893156944e-05,7.435908745974624e-05,5.145379684712053e-05,6.344560608219765e-05,1.672814510191168e-05,5.968964591903242e-05,2.7371840825274467e-05,0.00011009863927205446,5.472711954687416e-05,7.496244884693921e-05,5.906857099294744e-05,5.687649922245153e-05,8.541045086240379e-05,5.8829889325916405e-05,7.681587163932248e-05,3.3684535696123926e-05,7.465633427952779e-05,5.429915273391603e-05,6.287297893778659e-05,8.395597075568606e-05,4.875302049868546e-05,9.517421420678987e-05,2.966999630523434e-05,4.295834423625851e-05,7.529112041384989e-05,8.52780764224326e-05,4.59246969799688e-05,7.428070243537851e-05,8.115795219899062e-05,7.093831297669544e-05,6.763408156804673e-05
Bharat Petroleum,0.0002269364008341216,0.00022054105249066306,0.00021285974265473594,4.863764844007033e-05,4.766801596651061e-05,5.113303410112554e-05,6.375193482510413e-05,5.723997706882171e-05,7.286512229465268e-05,0.00035719248714199665,4.683581504384588e-05,1.4345401328514194e-05,2.3851325812644963e-05,0.00017907402839515264,5.190362300034642e-05,4.0612007912597576e-05,6.175658386152869e-05,8.438923970913582e-05,2.6778197006437907e-05,4.792981816232101e-05,5.172221284095305e-05,7.409997413920587e-05,0.00010328867693295201,1.7613114834249107e-05,3.808662076544887e-05,4.046871137666499e-05,9.521555934753288e-05,2.329245395726263e-05,8.757801798397064e-05,3.919805104484394e-05,0.0001172315998692719,9.050104119717976e-05,5.156391313092535e-05,0.0001683582755724431,2.6101639373381624e-05,0.00019154694415063337,0.000157002466283137,9.720178104760218e-05,6.123376735904886e-05,4.4955930624947166e-05,0.00014349140919766925,4.432126768060071e-05,3.361195679678954e-05,0.00012392237197126287,0.00012265331755370658,4.832513669155338e-05,5.984692447923404e-05,8.367890165632197e-05,8.789540078395131e-05,5.758508283439614e-05
Bharti Airtel,8.188294769749733e-05,9.841586610299104e-05,8.211165311105645e-05,3.2666741601413e-05,1.8703453812026918e-05,3.9399444328325266e-05,5.100144307565685e-05,5.172777572238551e-05,4.049205380650552e-05,4.683581504384588e-05,0.00016995512597508245,2.2926234353133393e-05,2.301189355394105e-05,5.456754627513414e-05,2.7369362955897872e-05,2.4002171840031037e-05,5.2599296211251235e-05,4.902660556923655e-05,4.457985578708623e-05,3.359421943918485e-05,3.5961177814677814e-05,3.448403041860595e-05,5.7275646044029366e-05,2.1436936179841093e-05,4.782315659636818e-05,3.3224936806790594e-05,5.3916786192307637e-05,4.968196844134565e-05,6.0842879331169495e-05,5.6068253959851676e-05,5.205354015850649e-05,6.33387453377006e-05,4.8610540667366527e-05,5.8982326881248e-05,2.15199682184948e-05,6.823563450349742e-05,4.891587513502338e-05,5.383725444848035e-05,4.5834410892486616e-05,3.3433655267327964e-05,5.238057488658276e-05,3.5023378015617553e-05,3.405537615112073e-05,4.620713027729344e-05,6.162399085346342e-05,5.2926542793132206e-05,4.325973908826872e-05,5.497226605432457e-05,4.6346786306244305e-05,5.2023761459192344e-05
Britannia Industries,8.248666282924925e-06,1.0559899926631877e-05,1.9460471451626985e-05,3.065796099162605e-05,5.779006582620019e-05,1.2614289986047903e-05,2.3993917874677e-05,2.5379241980781104e-05,2.2699648217446327e-05,1.4345401328514194e-05,2.2926234353133393e-05,0.00014621091807159143,1.8800866547780986e-05,9.888046730206468e-06,2.1545215350896096e-05,1.872020114998308e-05,2.1380559540267285e-05,2.956249057525868e-05,2.368491552096026e-05,3.3632852804547623e-06,5.851780576158629e-07,3.0334051434531426e-05,1.1150190495160958e-05,6.868420998698552e-05,8.235951502626762e-06,5.604790766830432e-05,2.7155006685124137e-05,1.6823929250191956e-05,2.361474886982276e-05,3.3001717251309925e-05,1.7396315911816645e-05,2.721750272549114e-05,2.5274281452116644e-05,8.73494816383127e-06,6.656090049571025e-05,4.276079991158827e-06,-1.3115502502874353e-07,2.354469495196986e-05,1.3278491347609444e-05,2.2688497946631692e-05,6.981072443639647e-06,2.3310030971180392e-05,2.251716122591702e-05,1.577591029035639e-05,1.0974417416608296e-05,2.087526650509317e-05,1.4422795943567103e-05,2.4892416627861806e-05,2.351443551889872e-05,2.7260185222600932e-05
Cipla,3.477296019726813e-05,4.788149588898888e-05,3.507136798977271e-05,4.728884225057362e-05,2.287007273472686e-05,2.1300738121632557e-05,1.675187176600461e-05,1.1312226316905837e-05,2.1036476449475366e-05,2.3851325812644963e-05,2.301189355394105e-05,1.8800866547780986e-05,0.00022481377216569678,3.086083202981682e-05,7.0059098760622e-05,7.10801191954549e-05,1.518531187357564e-05,3.0362953077773215e-05,1.4930627496100976e-05,6.1429428656563184e-06,1.5614177375147126e-05,3.7602430087528746e-05,2.9757127175135203e-05,8.674830257920188e-06,1.3626376990692029e-05,2.0834253211400792e-05,2.441272425830774e-05,2.1730972521047373e-05,2.9515857621845432e-05,1.379325113166461e-05,3.90106506204069e-05,3.223698077052811e-05,1.684470324752716e-05,3.265827382171912e-05,1.7091461350909298e-05,2.3143050106683293e-05,3.51319830987255e-05,2.0990258838876694e-05,3.12412436096862e-05,1.6557935851815812e-05,1.5566599361684666e-05,6.280532730669961e-05,1.880942871690591e-05,2.5171328094165826e-05,3.4561275443450834e-05,1.7892692583920323e-05,1.8227515269260724e-05,3.8525934607929725e-05,2.5379231828279693e-05,2.623165656517498e-05
Coal India,0.00021541114031663016,0.0001745564251465234,0.00020246804704727946,4.9955343847259075e-05,3.6125748698581096e-05,7.64563417340074e-05,6.555710488357708e-05,6.311681108478729e-05,6.660854793026917e-05,0.00017907402839515264,5.456754627513414e-05,9.888046730206468e-06,3.086083202981682e-05,0.0003313093394352379,4.905682342883221e-05,4.05274612124077e-05,7.732266959688573e-05,7.806734236289336e-05,5.0115649393630216e-05,6.027165115678074e-05,5.597757822254195e-05,7.659353616822282e-05,0.0001277131304977057,-3.1277702417270205e-07,4.5360445518485947e-05,4.143958647137043e-05,0.00010534475052119092,2.693892236577784e-05,0.00011021880545377325,5.125786659394139e-05,0.00012519616896803742,8.040967476411054e-05,5.556380978520326e-05,0.00018211256954318863,2.775621623949462e-05,0.00020316596888698038,0.00014713602918482775,0.00010180230421969216,6.706983619135164e-05,4.75411497295579e-05,0.00013293479976347723,4.306101011590842e-05,2.6928661861909036e-05,0.00011520640237072313,0.00015483789513699494,4.938814902217597e-05,5.634864218664664e-05,0.00010818448120533677,7.364503980829229e-05,6.789348431122427e-05
Divi's Laboratories,9.328934695180096e-05,8.41583909402592e-05,4.510285944291953e-05,5.7392225369286806e-05,4.280337424014289e-05,2.16682866854498e-05,4.816583872472947e-05,2.803844156050158e-05,2.7241900710668528e-05,5.190362300034642e-05,2.7369362955897872e-05,2.1545215350896096e-05,7.0059098760622e-05,4.905682342883221e-05,0.0002866471802685438,6.157921426356291e-05,4.435750592155921e-05,4.3391171122354864e-05,2.9272038236584485e-05,1.1205593014614695e-05,4.236394818968734e-05,4.6289726519381036e-05,8.279106229024764e-05,1.832965875007994e-05,9.237266062291251e-06,1.8118514400053337e-05,2.800149664860208e-05,3.478608247364848e-05,5.072366358892699e-05,1.9264936880053155e-05,3.0398057872139938e-05,5.2658682585979516e-05,3.055520946809888e-05,3.575100933490882e-05,2.1996076152524686e-05,4.397305283028214e-05,2.9365718575131063e-05,3.114687705946599e-05,2.554502876595907e-05,3.033800476592957e-05,1.526122798463829e-05,5.301257047570846e-05,2.797954817580779e-05,3.5806894463101957e-05,6.544372162540969e-05,5.484108894329151e-05,1.3982084716985901e-05,6.713987819493085e-05,4.2685884088916566e-05,5.74916296416637e-05
Dr. Reddy's Laboratories,4.1928592491450415e-05,1.922853837769422e-05,3.5452020071892626e-05,3.762471626544231e-05,1.2862641138776236e-05,9.966652682575193e-06,3.0361187896105202e-05,1.0158873909447696e-05,2.4014455905709232e-05,4.0612007912597576e-05,2.4002171840031037e-05,1.872020114998308e-05,7.10801191954549e-05,4.05274612124077e-05,6.157921426356291e-05,0.00015579601475876017,2.3101097534544637e-05,3.6169526159132016e-05,3.334602506436512e-05,2.1119554745832986e-05,8.271865522268224e-06,2.996464690805761e-05,5.2658500653929944e-05,1.290595308662059e-05,8.692913423168992e-07,2.6564706352786048e-05,2.4092462742487678e-05,3.434026687691678e-05,4.387643676740432e-05,3.638402854259953e-07,3.3332519785178825e-05,4.350310456598942e-05,1.5688346509929666e-05,3.842842335848561e-05,2.472077574252129e-05,3.8577084660025884e-05,3.616791189039983e-05,2.909937645989089e-05,3.222926948485881e-05,1.3868666014267462e-05,2.1924790530999005e-05,5.418809463335323e-05,2.8557650702778892e-05,3.929105009012085e-05,4.146385641396219e-05,3.442304405058667e-05,1.9946451315202307e-05,3.5028724874446475e-05,3.676150997598424e-05,4.8169364750803345e-05
Eicher Motors,0.00013723829252208506,9.62008081555654e-05,8.818704789982483e-05,5.38064562257636e-05,4.330909298440537e-05,5.5557036690752165e-05,7.952594010042892e-05,4.54829274324153e-05,5.4056146891529816e-05,6.175658386152869e-05,5.2599296211251235e-05,2.1380559540267285e-05,1.518531187357564e-05,7.732266959688573e-05,4.435750592155921e-05,2.3101097534544637e-05,0.0002509855934228693,7.260207439243664e-05,3.578754560213874e-05,4.5701889991340047e-05,3.8667744971972106e-05,6.960077666565656e-05,6.363687224359022e-05,3.068573526719721e-05,4.942368559788969e-05,4.3287528439178735e-05,7.560184547181566e-05,3.49457996609125e-05,6.457690871060611e-05,5.07763735044744e-05,5.758726783808585e-05,0.00010636260363313012,8.078631180653759e-05,7.121703888354174e-05,3.1406355872023e-05,7.143217550970276e-05,5.256327799343318e-05,6.106125732431923e-05,5.98129657470713e-05,4.9527247969340294e-05,7.038187847167084e-05,3.030933312146549e-05,3.0164972494441646e-05,7.909257532025137e-05,7.615749438182447e-05,4.6269476244023276e-05,5.6632772914418065e-05,7.400193732300957e-05,5.7848647916275365e-05,5.749752041261156e-05
Grasim Industries,0.00012643901803075836,9.999358212303295e-05,0.00012148635827020148,4.764987332283999e-05,4.673804801017809e-05,5.773577572381016e-05,4.6421666329656e-05,7.252368451919457e-05,7.093138798269086e-05,8.438923970913582e-05,4.902660556923655e-05,2.956249057525868e-05,3.0362953077773215e-05,7.806734236289336e-05,4.3391171122354864e-05,3.6169526159132016e-05,7.260207439243664e-05,0.00017890473453019472,3.401815211368406e-05,5.120996092637993e-05,5.0566985922799764e-05,5.5624485098604794e-05,9.846971429003594e-05,2.517442976234161e-05,5.6378695853047256e-05,3.735750193603541e-05,7.424579081043117e-05,3.616529020685412e-05,9.404936070829535e-05,4.9716492713464426e-05,6.447181168491092e-05,7.5355682617861e-05,4.876151830618664e-05,8.867204989729487e-05,3.90460386643709e-05,8.431774609266994e-05,7.689962872195695e-05,6.801122833659107e-05,5.0267890898728296e-05,7.54606242965606e-05,8.830087063010243e-05,3.946346729144338e-05,3.1417706545625e-05,6.985417100571221e-05,9.514096840772204e-05,4.240835626253967e-05,6.250051944647962e-05,8.116072513115891e-05,0.00010821626061537621,5.8546571002664197e-05
HCL Technologies,5.3276594908257825e-05,-4.6624910906128185e-06,4.867014203428326e-05,4.142436948564018e-05,2.139062820719893e-05,2.0080746284303215e-05,2.8747040821501806e-05,3.421281966673197e-05,4.130063134344152e-05,2.6778197006437907e-05,4.457985578708623e-05,2.368491552096026e-05,1.4930627496100976e-05,5.0115649393630216e-05,2.9272038236584485e-05,3.334602506436512e-05,3.578754560213874e-05,3.401815211368406e-05,0.00020058020972206215,1.8287255043994458e-05,2.6322690265108513e-05,2.7062221240828764e-05,5.323488382565391e-05,3.46193790753375e-05,1.694790137194395e-05,2.614215946497019e-05,3.495464595002252e-05,0.0001359848377802039,4.48634027144185e-05,2.6029480200685118e-05,4.484506553628022e-05,4.2312373004035656e-05,3.0351084472410737e-05,3.186063813242567e-05,2.6546476165096745e-05,4.6236305300668565e-05,2.3475621645934542e-05,4.5646805314894065e-05,3.8319322542387774e-05,3.056474652273093e-05,3.696928489011756e-05,2.1665034848252278e-05,0.000114243008169161,5.2576633614745936e-05,5.179899515645412e-05,0.00012110798986026554,3.7344094812014095e-05,4.888622167653809e-05,4.09313862122016e-05,0.00012698444948778547
HDFC Bank,0.00010984656226193543,7.755893316855045e-05,0.00010313658960764688,1.8333173989653026e-05,3.0743727879772304e-05,6.796914138128694e-05,2.7822862717685396e-05,6.261354520141352e-05,5.5717037893156944e-05,4.792981816232101e-05,3.359421943918485e-05,3.3632852804547623e-06,6.1429428656563184e-06,6.027165115678074e-05,1.1205593014614695e-05,2.1119554745832986e-05,4.5701889991340047e-05,5.120996092637993e-05,1.8287255043994458e-05,0.00015373356540177534,3.84586160758659e-05,2.1660357140146876e-05,6.025086947517108e-05,9.818966941568476e-06,5.9896809019578736e-05,1.744189832747312e-05,7.726816670184863e-05,3.150308412967757e-05,6.419371059587266e-05,6.0872690499461275e-05,6.391963059342677e-05,6.02341579898778e-05,2.6748966951927903e-05,6.524204458111386e-05,8.983252102452048e-06,5.7569579842420136e-05,5.145132467470721e-05,5.36980590291528e-05,3.66285592732751e-05,2.9465031369930518e-05,7.038170269675373e-05,1.3229903454005553e-05,2.0035696551881492e-05,4.006847213318481e-05,7.244307985682369e-05,3.762512020193893e-05,2.9346616364071957e-05,6.1949402985379e-05,5.265299565639659e-05,4.7057652341376196e-05
HDFC Life Insurance,0.00017740350921443724,6.0549038532799394e-05,0.00012762851829076162,3.0951137289377704e-05,3.344266660753137e-05,4.819445463461814e-05,4.5011794074802555e-05,6.275879702990725e-05,7.435908745974624e-05,5.172221284095305e-05,3.5961177814677814e-05,5.851780576158629e-07,1.5614177375147126e-05,5.597757822254195e-05,4.236394818968734e-05,8.271865522268224e-06,3.8667744971972106e-05,5.0566985922799764e-05,2.6322690265108513e-05,3.84586160758659e-05,0.00025763642018500235,4.928896434392597e-05,5.943638187760145e-05,2.3172828065177565e-05,3.1068456140010076e-05,1.7301453049196123e-05,6.49247745237996e-05,1.861350203135137e-05,4.984280230499788e-05,3.8088265722059535e-05,4.6927592733292034e-05,5.433486499399106e-05,4.2662687827384194e-05,5.040513912498358e-05,2.5161739669491247e-05,5.377941293359893e-05,2.801953003433534e-05,4.7909410887960596e-05,0.00013955691093895474,3.592488424334153e-05,6.346376174052341e-05,2.8905382964887167e-05,2.149481001490259e-05,6.094265943385268e-05,6.0906926631036465e-05,3.396776323461294e-05,4.6245456559634305e-05,7.128054030771707e-05,4.808688480261565e-05,3.96429349713318e-05
Hero MotoCorp,0.00010188311052079461,9.35847939989101e-05,9.228499630913412e-05,4.763560481530771e-05,3.303550846842562e-05,3.4400177329255056e-05,0.00010572384385339747,4.075883447002756e-05,5.145379684712053e-05,7.409997413920587e-05,3.448403041860595e-05,3.0334051434531426e-05,3.7602430087528746e-05,7.659353616822282e-05,4.6289726519381036e-05,2.996464690805761e-05,6.960077666565656e-05,5.5624485098604794e-05,2.7062221240828764e-05,2.1660357140146876e-05,4.928896434392597e-05,0.00023478576849339617,6.702401245441018e-05,3.8386900069712035e-05,2.8325927205359594e-05,2.8448695851414897e-05,5.717210614837003e-05,2.329461976599942e-05,4.539173419758609e-05,3.0332080841719363e-05,5.298336676409206e-05,9.453113547629044e-05,6.0686080162315115e-05,5.4172545941535986e-05,4.2946600311891395e-05,6.766751014247538e-05,5.448949101269281e-05,4.364257246141926e-05,4.69041238218425e-05,4.479060628556468e-05,5.186497033263087e-05,3.6776813903242046e-05,2.7478987555011627e-05,7.839263051842639e-05,7.342613674517162e-05,3.315217745855339e-05,5.8892851598398575e-05,6.576754789900019e-05,5.871418000467597e-05,4.858410062243085e-05
Hindalco Industries,0.00013298135893722657,0.00014564969775302588,0.00012967016677312292,2.4841032629598738e-05,2.4276158236438115e-05,5.39408515493719e-05,5.372547795006276e-05,5.593940515806665e-05,6.344560608219765e-05,0.00010328867693295201,5.7275646044029366e-05,1.1150190495160958e-05,2.9757127175135203e-05,0.0001277131304977057,8.279106229024764e-05,5.2658500653929944e-05,6.363687224359022e-05,9.846971429003594e-05,5.323488382565391e-05,6.025086947517108e-05,5.943638187760145e-05,6.702401245441018e-05,0.0003381135109172841,1.3199862283863348e-05,4.027021211770867e-05,3.136530313669824e-05,8.699999746575824e-05,5.3379820950261904e-05,0.0001682619196351221,4.460962904903005e-05,8.623332735021268e-05,7.984192737040059e-05,5.017107067749471e-05,0.00011098652376677183,2.857732840732015e-05,0.00014025343840340908,9.617733030011923e-05,8.178325969330274e-05,6.041621417179332e-05,3.63658993979975e-05,9.180375470065244e-05,4.997390198431867e-05,4.162966966552494e-05,0.00010578493028131033,0.00020361378796677693,6.502288849190107e-05,4.5102971830077535e-05,0.00010799113217698117,6.572399716083228e-05,7.90681222669598e-05
Hindustan Unilever,-9.940118519619418e-06,-1.5376121677911937e-05,7.536932213748983e-06,1.9863869954854238e-05,4.537551584988845e-05,1.2077171249925818e-05,2.6757047251135176e-05,1.519451314542199e-05,1.672814510191168e-05,1.7613114834249107e-05,2.1436936179841093e-05,6.868420998698552e-05,8.674830257920188e-06,-3.1277702417270205e-07,1.832965875007994e-05,1.290595308662059e-05,3.068573526719721e-05,2.517442976234161e-05,3.46193790753375e-05,9.818966941568476e-06,2.3172828065177565e-05,3.8386900069712035e-05,1.3199862283863348e-05,0.00013641686458059352,3.423417121076601e-06,5.405844930570119e-05,2.9304162083001774e-05,3.3699025163520956e-05,2.167978295239207e-05,2.550616156960252e-05,9.96320340637988e-06,3.649604980239892e-05,2.8924164040568624e-05,-9.639465120574642e-08,6.314261652384813e-05,9.570766162677904e-06,1.2035511964224585e-06,2.5964242022811955e-05,3.802221774438524e-05,1.6537160565052537e-05,4.9605256879366845e-06,1.1595666105118342e-05,2.866974467067739e-05,2.3695107958205925e-05,1.3763117682653353e-05,2.3128511121098885e-05,3.403894407843159e-05,2.2976730637108745e-05,2.4654927372771316e-05,2.783630833461306e-05
ICICI Bank,9.937644238359169e-05,9.148545852901828e-05,0.00010273905279567993,2.0813480630895237e-05,2.129925856092813e-05,9.169479014413395e-05,1.6467566555706467e-05,5.9347623201113306e-05,5.968964591903242e-05,3.808662076544887e-05,4.782315659636818e-05,8.235951502626762e-06,1.3626376990692029e-05,4.5360445518485947e-05,9.237266062291251e-06,8.692913423168992e-07,4.942368559788969e-05,5.6378695853047256e-05,1.694790137194395e-05,5.9896809019578736e-05,3.1068456140010076e-05,2.8325927205359594e-05,4.027021211770867e-05,3.423417121076601e-06,0.00013138697971026495,3.117911892631076e-05,6.800213886185851e-05,3.664600051345477e-05,5.686245324615718e-05,6.964302581683882e-05,5.870360109715947e-05,5.8543189816698125e-05,3.132884290276262e-05,5.746489845426378e-05,1.2898810145964871e-05,5.327440371832415e-05,4.450973907182422e-05,5.677178904243898e-05,3.230702263975944e-05,4.035837982597265e-05,9.040295585169721e-05,1.5809043347338933e-05,2.6155384960602183e-05,3.0444763112762216e-05,5.442553614305719e-05,2.8515000939155157e-05,2.420894369379496e-05,4.412655121384187e-05,5.486858735434059e-05,4.364604084600434e-05
ITC,1.6360357015724698e-05,2.8581770203841856e-05,3.770292622798031e-05,2.4266720941894976e-05,3.852430272374752e-05,3.1922926824997965e-05,3.734596409937404e-05,3.330713868272877e-05,2.7371840825274467e-05,4.046871137666499e-05,3.3224936806790594e-05,5.604790766830432e-05,2.0834253211400792e-05,4.143958647137043e-05,1.8118514400053337e-05,2.6564706352786048e-05,4.3287528439178735e-05,3.735750193603541e-05,2.614215946497019e-05,1.744189832747312e-05,1.7301453049196123e-05,2.8448695851414897e-05,3.136530313669824e-05,5.405844930570119e-05,3.117911892631076e-05,0.0001453178684544426,3.488342242221272e-05,2.5564123840313375e-05,4.3331866671763546e-05,4.044989977652669e-05,3.889416923877397e-05,4.687786798637913e-05,4.049438904185958e-05,3.735110449775539e-05,4.689919330113012e-05,3.407125516959633e-05,2.589582022970418e-05,4.74113924226866e-05,1.878476016700495e-05,2.9510810084800578e-05,4.2540069292859085e-05,2.4749387495462292e-05,2.14547975867653e-05,3.8239219364298134e-05,4.341988019809842e-05,2.63481703573527e-05,4.095557928021579e-05,4.1541828268129885e-05,3.373300539050034e-05,3.310987966339592e-05
IndusInd Bank,0.00017622174693831012,0.0001328126899636943,0.0001746689792587062,2.7149098775520888e-05,4.813630342007426e-05,9.242982587025464e-05,5.907499177202621e-05,0.00010282640150548836,0.00011009863927205446,9.521555934753288e-05,5.3916786192307637e-05,2.7155006685124137e-05,2.441272425830774e-05,0.00010534475052119092,2.800149664860208e-05,2.4092462742487678e-05,7.560184547181566e-05,7.424579081043117e-05,3.495464595002252e-05,7.726816670184863e-05,6.49247745237996e-05,5.717210614837003e-05,8.699999746575824e-05,2.9304162083001774e-05,6.800213886185851e-05,3.488342242221272e-05,0.00032773262861855024,4.041326579151119e-05,9.110645478288021e-05,7.116355401186924e-05,9.246908811183849e-05,0.00011506701553762274,7.166857460045137e-05,0.00011438788393740178,3.900232469384804e-05,0.00010273966192353333,8.557971810651342e-05,8.821881951450956e-05,7.374349863699828e-05,3.766795939528512e-05,0.00013137546666109926,3.085472683768602e-05,2.8083250260508326e-05,9.942957495527379e-05,0.00010296862891790881,2.6743148047517833e-05,5.59561716080314e-05,8.977133208884948e-05,7.311241949723202e-05,6.078057184537354e-05
Infosys,5.499356265039794e-05,1.2127065386535195e-05,4.969203223120351e-05,2.0764450944951942e-05,2.0112421840263177e-05,2.4637613846259618e-05,1.243609338348036e-05,5.156141511999768e-05,5.472711954687416e-05,2.329245395726263e-05,4.968196844134565e-05,1.6823929250191956e-05,2.1730972521047373e-05,2.693892236577784e-05,3.478608247364848e-05,3.434026687691678e-05,3.49457996609125e-05,3.616529020685412e-05,0.0001359848377802039,3.150308412967757e-05,1.861350203135137e-05,2.329461976599942e-05,5.3379820950261904e-05,3.3699025163520956e-05,3.664600051345477e-05,2.5564123840313375e-05,4.041326579151119e-05,0.00022007838386660215,5.003984693402711e-05,2.8913753627797895e-05,4.387641648838827e-05,6.390009839330221e-05,2.2287282106650793e-05,2.8520655133049015e-05,1.2062333957005778e-05,5.063390014772009e-05,1.5239159919854822e-05,4.302426672795624e-05,3.589497293159017e-05,3.1332761364699474e-05,3.2578620729361485e-05,2.5271485639510342e-05,0.0001311891077806822,4.49179815667584e-05,4.507197416464718e-05,0.00014496702332797415,3.586388990510316e-05,4.369802028861949e-05,4.273701505893684e-05,0.00013786854792553502
JSW Steel,0.0001555628744785719,0.0001316962477839904,0.00013104022904984568,5.042743144777572e-05,3.5339867465590985e-05,6.402333785261865e-05,5.5369790218194094e-05,7.380106389599836e-05,7.496244884693921e-05,8.757801798397064e-05,6.0842879331169495e-05,2.361474886982276e-05,2.9515857621845432e-05,0.00011021880545377325,5.072366358892699e-05,4.387643676740432e-05,6.457690871060611e-05,9.404936070829535e-05,4.48634027144185e-05,6.419371059587266e-05,4.984280230499788e-05,4.539173419758609e-05,0.0001682619196351221,2.167978295239207e-05,5.686245324615718e-05,4.3331866671763546e-05,9.110645478288021e-05,5.003984693402711e-05,0.00022161366986512052,5.594878380806439e-05,9.38084012484569e-05,9.847703429508842e-05,5.7090198412917495e-05,0.00011978791305113924,3.135199804016849e-05,0.00011628068058220641,9.613623916469815e-05,7.565254690272612e-05,5.283987154353118e-05,5.648081398570065e-05,8.788834770302602e-05,3.74012152148148e-05,3.827081566818674e-05,9.249061863141335e-05,0.00018355081251889176,5.983265171463448e-05,5.633718476641345e-05,0.00011147198317033828,9.391088117907333e-05,7.991983948803791e-05
Kotak Mahindra Bank,8.532119703811582e-05,7.769522953697979e-05,8.122554832733914e-05,2.7884492767276754e-05,3.317357644886883e-05,5.287507336541442e-05,2.3184205980821196e-05,6.462467341705167e-05,5.906857099294744e-05,3.919805104484394e-05,5.6068253959851676e-05,3.3001717251309925e-05,1.379325113166461e-05,5.125786659394139e-05,1.9264936880053155e-05,3.638402854259953e-07,5.07763735044744e-05,4.9716492713464426e-05,2.6029480200685118e-05,6.0872690499461275e-05,3.8088265722059535e-05,3.0332080841719363e-05,4.460962904903005e-05,2.550616156960252e-05,6.964302581683882e-05,4.044989977652669e-05,7.116355401186924e-05,2.8913753627797895e-05,5.594878380806439e-05,0.00018315592180098857,5.118895271501121e-05,5.496138611194392e-05,3.6071300617778386e-05,5.531231947953545e-05,2.3177697895119155e-05,5.0884376405862075e-05,4.312346386535489e-05,5.587728521335003e-05,4.25337634731332e-05,3.507308124023268e-05,6.782883630681568e-05,1.8255063515159516e-05,1.8356871913613177e-05,3.919805235355653e-05,5.2499474014930965e-05,3.7591435975243225e-05,2.963023149826521e-05,4.8561978591649403e-05,5.335267548479744e-05,5.86093710994631e-05
Larsen & Toubro,0.000142203196653143,0.00015266797205553247,0.00015127535445925058,4.338932107460488e-05,3.673558349471864e-05,6.377546096458446e-05,4.7097063757206606e-05,5.2862556619844586e-05,5.687649922245153e-05,0.0001172315998692719,5.205354015850649e-05,1.7396315911816645e-05,3.90106506204069e-05,0.00012519616896803742,3.0398057872139938e-05,3.3332519785178825e-05,5.758726783808585e-05,6.447181168491092e-05,4.484506553628022e-05,6.391963059342677e-05,4.6927592733292034e-05,5.298336676409206e-05,8.623332735021268e-05,9.96320340637988e-06,5.870360109715947e-05,3.889416923877397e-05,9.246908811183849e-05,4.387641648838827e-05,9.38084012484569e-05,5.118895271501121e-05,0.0002382746303573863,7.177551262398435e-05,4.817282891338378e-05,0.00012460314500821297,2.088472008391916e-05,0.0001367504722346855,0.0001054420394034787,8.634966611040128e-05,6.298696888140822e-05,4.172667908922439e-05,0.0001054316948616798,3.091376577267484e-05,4.382532301897191e-05,8.507334158067682e-05,0.00010835421623823697,4.5409594933124214e-05,4.466957076644393e-05,8.105867802562677e-05,8.211775604440705e-05,6.647164895091252e-05
Mahindra & Mahindra,0.00016450071078766875,0.0001069967464651543,0.00013860081874827077,5.705144410709084e-05,2.788791595501024e-05,6.783713309365144e-05,9.068209842930249e-05,7.811314033137463e-05,8.541045086240379e-05,9.050104119717976e-05,6.33387453377006e-05,2.721750272549114e-05,3.223698077052811e-05,8.040967476411054e-05,5.2658682585979516e-05,4.350310456598942e-05,0.00010636260363313012,7.5355682617861e-05,4.2312373004035656e-05,6.02341579898778e-05,5.433486499399106e-05,9.453113547629044e-05,7.984192737040059e-05,3.649604980239892e-05,5.8543189816698125e-05,4.687786798637913e-05,0.00011506701553762274,6.390009839330221e-05,9.847703429508842e-05,5.496138611194392e-05,7.177551262398435e-05,0.00032393613403794707,9.174095944905068e-05,9.184178029930479e-05,4.837105367256426e-05,9.243517775565368e-05,8.16144715734668e-05,6.941373873123353e-05,6.208434549807118e-05,4.817972096995361e-05,9.01355879912416e-05,5.247590161906741e-05,4.417720240897971e-05,0.00012474884466929964,0.00010481136117845072,5.936733811190888e-05,7.093431905627071e-05,7.40547575380536e-05,9.566942927277894e-05,7.915980591891654e-05
Maruti Suzuki,0.00010574648323440674,7.807116942271817e-05,8.526413797647707e-05,2.714243701036264e-05,3.5932165968428685e-05,4.334222003272364e-05,6.930097102897141e-05,5.6091982360686465e-05,5.8829889325916405e-05,5.156391313092535e-05,4.8610540667366527e-05,2.5274281452116644e-05,1.684470324752716e-05,5.556380978520326e-05,3.055520946809888e-05,1.5688346509929666e-05,8.078631180653759e-05,4.876151830618664e-05,3.0351084472410737e-05,2.6748966951927903e-05,4.2662687827384194e-05,6.0686080162315115e-05,5.017107067749471e-05,2.8924164040568624e-05,3.132884290276262e-05,4.049438904185958e-05,7.166857460045137e-05,2.2287282106650793e-05,5.7090198412917495e-05,3.6071300617778386e-05,4.817282891338378e-05,9.174095944905068e-05,0.0001620287868993464,5.9597695061348225e-05,3.451078440890746e-05,6.401712886546636e-05,5.131495452547806e-05,4.964905889001467e-05,5.095765970814817e-05,4.156504015680299e-05,5.380114024909883e-05,2.6948622041429965e-05,2.4592369441634407e-05,7.849950559129787e-05,6.920429778262612e-05,3.052703239994135e-05,5.556063813318598e-05,5.976455376674433e-05,5.304434979876241e-05,3.369044757225991e-05
NTPC,0.0002216152107077599,0.0001873339908038223,0.00021990947378127125,4.1418628071150524e-05,4.378812078020356e-05,7.805537217395212e-05,6.0677532577683955e-05,7.25698508952477e-05,7.681587163932248e-05,0.0001683582755724431,5.8982326881248e-05,8.73494816383127e-06,3.265827382171912e-05,0.00018211256954318863,3.575100933490882e-05,3.842842335848561e-05,7.121703888354174e-05,8.867204989729487e-05,3.186063813242567e-05,6.524204458111386e-05,5.040513912498358e-05,5.4172545941535986e-05,0.00011098652376677183,-9.639465120574642e-08,5.746489845426378e-05,3.735110449775539e-05,0.00011438788393740178,2.8520655133049015e-05,0.00011978791305113924,5.531231947953545e-05,0.00012460314500821297,9.184178029930479e-05,5.9597695061348225e-05,0.0002966377109724646,1.8305657685279706e-05,0.0001937296456224359,0.000185107615328123,9.966340145732215e-05,5.4757675476499405e-05,6.419666156031168e-05,0.00014267345896841181,3.9421047895692763e-05,1.8135116594849476e-05,0.00011450953925496673,0.00014670074389084184,4.459291659066803e-05,6.737076165151101e-05,0.0001023368934550726,9.301396581480933e-05,5.648369834446462e-05
